每幅图像的标定误差：
第1幅图像的平均误差：0.0736621像素
第2幅图像的平均误差：0.0700259像素
第3幅图像的平均误差：0.073902像素
第4幅图像的平均误差：0.0705966像素
第5幅图像的平均误差：0.0693像素
第6幅图像的平均误差：0.0727308像素
第7幅图像的平均误差：0.0683324像素
第8幅图像的平均误差：0.0676435像素
第9幅图像的平均误差：0.0693447像素
第10幅图像的平均误差：0.0726631像素
第11幅图像的平均误差：0.073314像素
第12幅图像的平均误差：0.0700478像素
第13幅图像的平均误差：0.072951像素
第14幅图像的平均误差：0.0773242像素
第15幅图像的平均误差：0.0775716像素
第16幅图像的平均误差：0.0731827像素
第17幅图像的平均误差：0.07328像素
第18幅图像的平均误差：0.0713099像素
第19幅图像的平均误差：0.0620387像素
第20幅图像的平均误差：0.0664107像素
第21幅图像的平均误差：0.0706571像素
第22幅图像的平均误差：0.0693803像素
第23幅图像的平均误差：0.0721958像素
第24幅图像的平均误差：0.0690891像素
第25幅图像的平均误差：0.0684785像素
第26幅图像的平均误差：0.0654592像素
第27幅图像的平均误差：0.0871672像素
第28幅图像的平均误差：0.0874436像素
第29幅图像的平均误差：0.091842像素
第30幅图像的平均误差：0.0898604像素
第31幅图像的平均误差：0.0932527像素
第32幅图像的平均误差：0.0888578像素
第33幅图像的平均误差：0.0905983像素
总体平均误差：0.0748459像素

相机内参数矩阵：
[24250.28788145036, 0, 713.9818088682074;
 0, 23879.63036272363, 1067.422259484392;
 0, 0, 1]

畸变系数：
[31.84265753018752, -13243.61141536133, 0.04121876329216263, -0.04884949183563925, -52.08725507335745]


第1幅图像的旋转向量：
[-7.62254181014838;
 33.13034623812881;
 1541.256636213479]
第1幅图像的旋转矩阵：
[-0.6290041889664383, -0.7773537495206367, 0.008653228812424425;
 0.7770075492189482, -0.628291659012153, 0.03884404294766636;
 -0.02475881094553919, 0.03115668984284707, 0.9992078172025074]
第1幅图像的平移向量：
[-3.113172513774606;
 -0.03453301203808867;
 0.1603091069052436]

第2幅图像的旋转向量：
[11.33530769448118;
 -43.30993812099454;
 1538.289521163651]
第2幅图像的旋转矩阵：
[0.9049415258337795, 0.4253470997147364, 0.01267594516764397;
 -0.4253865110752176, 0.9050116598116554, 0.0004602175641232357;
 -0.0112761259697134, -0.005808646074138016, 0.9999195510709351]
第2幅图像的平移向量：
[-0.0976071261106862;
 -3.029649652882091;
 -0.01644908337935247]

第3幅图像的旋转向量：
[6.378679469475013;
 -41.9473973792813;
 1540.340920153535]
第3幅图像的旋转矩阵：
[0.02602656512384183, -0.9993924058109812, -0.02318268999045434;
 0.9991728943285164, 0.02673164967460802, -0.03064222813127718;
 0.03124332163886589, -0.02236600351008469, 0.9992615357052214]
第3幅图像的平移向量：
[-0.2226104218038194;
 -3.05795466593434;
 0.02234261240002213]

第4幅图像的旋转向量：
[2.642783170974287;
 -41.1224622732015;
 1541.205096325908]
第4幅图像的旋转矩阵：
[-0.7206053649337761, -0.6931711674303953, -0.01554479565134156;
 0.6930138336559066, -0.7193863412802749, -0.04706504372592301;
 0.02144141763509254, -0.04468808143747676, 0.9987708651073247]
第4幅图像的平移向量：
[-0.3428115303693007;
 -3.021251466807296;
 0.04195205983752167]

第5幅图像的旋转向量：
[-0.9696157492807416;
 -41.08357776463342;
 1541.290607158158]
第5幅图像的旋转矩阵：
[-0.7752841509404066, -0.6313576099968391, -0.01794585187980728;
 0.6314171060651493, -0.7740243994122173, -0.04688994863366922;
 0.01571379867901951, -0.04768435187391525, 0.9987388443018725]
第5幅图像的平移向量：
[-0.4513294849060682;
 -2.987998599439647;
 0.0751145681349932]

第6幅图像的旋转向量：
[-4.119391305426942;
 -40.74064536463818;
 1541.625717199104]
第6幅图像的旋转矩阵：
[-0.9384848919532933, -0.3450241729947581, -0.01429781887906462;
 0.3452977579897606, -0.9371458500650011, -0.05027040912098593;
 0.003945364705579876, -0.05211502427544103, 0.9986332952300913]
第6幅图像的平移向量：
[-0.5383440846524776;
 -2.96324598288579;
 0.08577243669928801]

第7幅图像的旋转向量：
[-7.521436165476327;
 -39.58828647966703;
 1540.912500654849]
第7幅图像的旋转矩阵：
[-0.4689233855573268, -0.882734336593875, -0.02984877678610272;
 0.8831025114283685, -0.4679894358762267, -0.03340422454061334;
 0.01551814377956751, -0.04202355180637364, 0.9989961002462495]
第7幅图像的平移向量：
[-0.6524705333107979;
 -2.951135083085972;
 0.1028755654390734]

第8幅图像的旋转向量：
[-11.2051937425047;
 -38.99248237217736;
 1539.426306689462]
第8幅图像的旋转矩阵：
[0.8362418167389456, -0.5481535642019211, -0.01507627241323482;
 0.5482139085935636, 0.8363381411688595, -0.0001550831542289233;
 0.01269387102957842, -0.008135335208042774, 0.999886334519748]
第8幅图像的平移向量：
[-0.7809938819410746;
 -2.914730141096277;
 0.1433832283886703]

第9幅图像的旋转向量：
[-15.38748902785766;
 -35.90813475886121;
 1539.578948151023]
第9幅图像的旋转矩阵：
[0.7686444862141748, -0.6394442187018002, -0.01722628751041557;
 0.6395520215764724, 0.7687471721775359, 0.0009984820926406913;
 0.01260418620913281, -0.01178458475663568, 0.9998511179431262]
第9幅图像的平移向量：
[0.9935318111949298;
 3.110820187549364;
 -0.1617161965045538]

第10幅图像的旋转向量：
[-17.33737791758442;
 -33.00902381570611;
 1539.228343015337]
第10幅图像的旋转矩阵：
[0.9555015563573053, -0.2949070830870453, -0.006825550809853911;
 0.2949285705492832, 0.9555163686430304, 0.002368022169013723;
 0.005823579013270807, -0.004275698811542931, 0.9999739018230172]
第10幅图像的平移向量：
[1.121401300073131;
 3.072440642911177;
 -0.169139121097005]

第11幅图像的旋转向量：
[-18.68491062233178;
 -30.12448373615094;
 1538.916291109294]
第11幅图像的旋转矩阵：
[0.9984390365773322, 0.05584206669115471, 0.001074163018055977;
 -0.05584132497629134, 0.9984394044602192, -0.0007085520554113004;
 -0.001112053695173433, 0.0006474633454009713, 0.9999991720635549]
第11幅图像的平移向量：
[-1.113656347415623;
 -2.795508690937197;
 0.1692032212950931]

第12幅图像的旋转向量：
[-19.50219391766627;
 -26.54901402881016;
 1538.619050569779]
第12幅图像的旋转矩阵：
[0.9176352365968545, 0.3973811560206722, 0.005812864656000932;
 -0.3973451386653153, 0.9176465237435425, -0.006457417473979439;
 -0.007900211065288999, 0.003615840298758383, 0.9999622554697041]
第12幅图像的平移向量：
[-1.20285840346953;
 -2.7560590750916;
 0.1795614330930894]

第13幅图像的旋转向量：
[-15.60397663945388;
 -31.1225882340002;
 1538.655007769243]
第13幅图像的旋转矩阵：
[0.9455412646032234, 0.3254463845291005, 0.006030566264786358;
 -0.3254240514611526, 0.9455579380010171, -0.004401433161381021;
 -0.007134680311427825, 0.00219924537098705, 0.999972129439942]
第13幅图像的平移向量：
[-1.078265132974934;
 -2.815553641906992;
 0.1665680035079599]

第14幅图像的旋转向量：
[-12.10193483250887;
 -33.28900562992721;
 1539.362916811222]
第14幅图像的旋转矩阵：
[0.9249237144499934, -0.3800506886112415, -0.00880888949574018;
 0.3800762040661453, 0.9249541693926553, 0.001365146810057321;
 0.007628994081586319, -0.004610705939906845, 0.9999602691307484]
第14幅图像的平移向量：
[-0.9648993207900307;
 -2.848769899535665;
 0.1556225382165173]

第15幅图像的旋转向量：
[-8.023363643607988;
 -36.02691412687025;
 1538.635171289799]
第15幅图像的旋转矩阵：
[0.9545688524128459, 0.2979142422842518, 0.006738712593848099;
 -0.2979031541648707, 0.9545925119424564, -0.002616654736959911;
 -0.007212263295500634, 0.0004902933727025743, 0.9999738710939227]
第15幅图像的平移向量：
[-0.8504045510724686;
 -2.895865810166216;
 0.1390940256819949]

第16幅图像的旋转向量：
[-1.874973712272047;
 -39.29310468899831;
 1538.935110021792]
第16幅图像的旋转矩阵：
[0.9983531567983449, -0.05734827278548067, -0.001466260311633614;
 0.05734837517844778, 0.9983542272604327, 2.784989118246671e-05;
 0.001462250037227039, -0.0001118916732393378, 0.9999989246519628]
第16幅图像的平移向量：
[-0.659072879375348;
 -2.954961948380357;
 0.1121888568001821]

第17幅图像的旋转向量：
[3.416259996635254;
 -41.22422100205139;
 1538.991155564089]
第17幅图像的旋转矩阵：
[0.9861587663111694, -0.1657451304001405, -0.004409010804345338;
 0.1657434855572585, 0.9861686223674031, -0.0007384126956107354;
 0.004470416419447358, -2.572665639822614e-06, 0.9999900076352853]
第17幅图像的平移向量：
[-0.4893538908470941;
 -2.979718976764101;
 0.08478339218458468]

第18幅图像的旋转向量：
[10.01484226920969;
 -42.88957760352947;
 1537.058927184088]
第18幅图像的旋转矩阵：
[-0.1194579392116098, 0.9922228377575079, 0.0349805802089292;
 -0.9926295756251594, -0.1186344783722745, -0.02474643682540957;
 -0.02040407688504896, -0.03767891683390496, 0.9990815646746227]
第18幅图像的平移向量：
[-0.3065577030016347;
 -3.023449166930746;
 0.04087018856115096]

第19幅图像的旋转向量：
[15.41291660413264;
 -42.36191729822483;
 1536.038641285656]
第19幅图像的旋转矩阵：
[-0.8953451960798976, 0.4442736993528138, 0.03127075183003192;
 -0.4453218996466347, -0.8940954113443152, -0.04776820185178026;
 0.006736879972396043, -0.05669458066169462, 0.9983688391430453]
第19幅图像的平移向量：
[-0.1331188945496267;
 -3.041462269711728;
 -0.01203254607856251]

第20幅图像的旋转向量：
[-2.399326415889901;
 33.80996793051486;
 1538.357059352353]
第20幅图像的旋转矩阵：
[0.7960976814888118, 0.6050149689959637, -0.01361502181237286;
 -0.6050289411134652, 0.7961956293612273, 0.003535562359556521;
 0.01297928901201944, 0.005422829233174626, 0.9999010605954224]
第20幅图像的平移向量：
[-3.105771892232592;
 -0.07315391002648571;
 0.143532994594212]

第21幅图像的旋转向量：
[-5.421992261174629;
 31.76462029083724;
 1536.192317797073]
第21幅图像的旋转矩阵：
[-0.9578044363584847, 0.2871334345201939, -0.01284727491117037;
 -0.2874190784772316, -0.9569920956790872, 0.03945126278141191;
 -0.0009669639624207979, 0.04147914642789294, 0.9991389019512298]
第21幅图像的平移向量：
[-3.067658996111146;
 -0.2683777925431772;
 0.1862854227608758]

第22幅图像的旋转向量：
[-8.46543382155588;
 31.19376711408853;
 1536.748827007372]
第22幅图像的旋转矩阵：
[-0.6600135533349364, 0.7508578048882801, -0.02438577971983946;
 -0.7512288903905586, -0.6593802110327546, 0.02954473795737791;
 0.006104396510810215, 0.03781922972184215, 0.9992659516897819]
第22幅图像的平移向量：
[-3.036951936591635;
 -0.4106640060915679;
 0.1893905504533334]

第23幅图像的旋转向量：
[-10.6412221426676;
 30.23247566559433;
 1535.495808282663]
第23幅图像的旋转矩阵：
[-0.9176103423395303, -0.3974435857740053, -0.00546404233427133;
 0.3969204794331461, -0.9169593124594235, 0.04049385509559143;
 -0.02110432747308746, 0.034988789933951, 0.9991648472303588]
第23幅图像的平移向量：
[-3.003363087151371;
 -0.5286851685652573;
 0.1873217215988537]

第24幅图像的旋转向量：
[-12.82141840774521;
 29.79030938988748;
 1534.780285271227]
第24幅图像的旋转矩阵：
[-0.4392786998393101, -0.898334526308831, 0.005413197666201821;
 0.8978679421762238, -0.4388370567015637, 0.03542874648843171;
 -0.02945135446322118, 0.02042343034352057, 0.9993575442319353]
第24幅图像的平移向量：
[-2.962619535500807;
 -0.6673271745321799;
 0.2166516415834289]

第25幅图像的旋转向量：
[-22.56676111972999;
 21.87003501209831;
 1532.141263559036]
第25幅图像的旋转矩阵：
[0.8058811555432815, 0.5919693143255741, -0.0113090245881321;
 -0.5920509218691455, 0.8058785958588702, -0.005949340335759131;
 0.005591873936368518, 0.01148997969734627, 0.9999183523230456]
第25幅图像的平移向量：
[-2.86115087925842;
 -0.9689672514813976;
 0.229948957404311]

第26幅图像的旋转向量：
[-25.94731126286563;
 17.34484872814729;
 1533.316006840656]
第26幅图像的旋转矩阵：
[0.8595911027083547, -0.5109711817584478, 0.003404050089254233;
 0.510917432980513, 0.8595688640918793, 0.01023447899989784;
 -0.00815553929779194, -0.007058278555828828, 0.9999418322495517]
第26幅图像的平移向量：
[-2.801019744285723;
 -1.101334640599242;
 0.2505968832100294]

第27幅图像的旋转向量：
[-32.33255823977024;
 -7.580913881282167;
 1536.285947632844]
第27幅图像的旋转矩阵：
[-0.9178439798679103, 0.3950782837198782, -0.03841325751859997;
 -0.3946799471220203, -0.9186467332574461, -0.01777410518653399;
 -0.04231037650499133, -0.001152912996773647, 0.9991038498732893]
第27幅图像的平移向量：
[-2.727258648801921;
 -1.277192312754598;
 0.2457100705869677]

第28幅图像的旋转向量：
[-29.19065816958132;
 -1.911495415155188;
 1536.124580306627]
第28幅图像的旋转矩阵：
[-0.9858178365908943, 0.1635680313266817, -0.03753254837021544;
 -0.1634741167508882, -0.9865318516247688, -0.005578430094764449;
 -0.03793950726835897, 0.0006362843066367325, 0.9992798351465496]
第28幅图像的平移向量：
[-2.787939678671995;
 -1.149732463556405;
 0.2471727814138693]

第29幅图像的旋转向量：
[-24.60591012666702;
 4.006797588792981;
 1535.341561529562]
第29幅图像的旋转矩阵：
[-0.7676894925327908, -0.6402672547879269, -0.02665868528412141;
 0.6401193916758123, -0.7681314703559569, 0.01487308472992403;
 -0.03000012425530558, -0.005646830538236151, 0.9995339443208211]
第29幅图像的平移向量：
[-2.863882042627385;
 -0.9717231822233073;
 0.2355271195093658]

第30幅图像的旋转向量：
[-22.32118511669917;
 8.099573072514891;
 1536.650159030445]
第30幅图像的旋转矩阵：
[-0.8278726928177479, 0.5601395578255263, -0.029503902211655;
 -0.5604194516016873, -0.8282075832421332, 0.001495769597580651;
 -0.02359751582592932, 0.01777286750214952, 0.9995635459677362]
第30幅图像的平移向量：
[-2.914120027075005;
 -0.8489335092597748;
 0.2222938790038872]

第31幅图像的旋转向量：
[-18.40910419293964;
 12.15099876145142;
 1537.491839313648]
第31幅图像的旋转矩阵：
[-0.1587047866672975, 0.9870881388471945, -0.0216747972555538;
 -0.9873074166473045, -0.1587985251082284, -0.002663354403226285;
 -0.006070891377172935, 0.02097700099235147, 0.9997615264188024]
第31幅图像的平移向量：
[-2.968690607279698;
 -0.6883256691046787;
 0.2128748124851347]

第32幅图像的旋转向量：
[-14.00095557885956;
 16.89909842420414;
 1537.753746482872]
第32幅图像的旋转矩阵：
[0.1006329603271619, 0.9947398776095516, -0.01912022983979244;
 -0.9949198318739495, 0.1006670160387893, 0.0008246367433020155;
 0.002745075537052308, 0.01894011022092453, 0.9998168516208934]
第32幅图像的平移向量：
[-3.022410929618805;
 -0.5158886923368352;
 0.2118650225187691]

第33幅图像的旋转向量：
[-12.81186852252671;
 19.3640709551935;
 1537.217348441007]
第33幅图像的旋转矩阵：
[-0.4048418130583149, 0.9140917825577664, -0.02322325257196971;
 -0.9143867180895209, -0.404716497063749, 0.01007406501486017;
 -0.0001902133843179141, 0.02531343644813074, 0.9996795455314943]
第33幅图像的平移向量：
[-3.052952495193348;
 -0.3936758907795041;
 0.1861608240192364]


