每幅图像的标定误差：
第1幅图像的平均误差：0.0736518像素
第2幅图像的平均误差：0.0700193像素
第3幅图像的平均误差：0.0739065像素
第4幅图像的平均误差：0.0706045像素
第5幅图像的平均误差：0.0693137像素
第6幅图像的平均误差：0.0727475像素
第7幅图像的平均误差：0.068351像素
第8幅图像的平均误差：0.0676583像素
第9幅图像的平均误差：0.0693671像素
第10幅图像的平均误差：0.0726934像素
第11幅图像的平均误差：0.0733427像素
第12幅图像的平均误差：0.0700655像素
第13幅图像的平均误差：0.0729672像素
第14幅图像的平均误差：0.0773316像素
第15幅图像的平均误差：0.0775798像素
第16幅图像的平均误差：0.0731985像素
第17幅图像的平均误差：0.0732852像素
第18幅图像的平均误差：0.0713045像素
第19幅图像的平均误差：0.0620242像素
第20幅图像的平均误差：0.0663897像素
第21幅图像的平均误差：0.0706319像素
第22幅图像的平均误差：0.0693473像素
第23幅图像的平均误差：0.0721571像素
第24幅图像的平均误差：0.0690486像素
第25幅图像的平均误差：0.0684406像素
第26幅图像的平均误差：0.0654286像素
第27幅图像的平均误差：0.0872161像素
第28幅图像的平均误差：0.0874884像素
第29幅图像的平均误差：0.0918778像素
第30幅图像的平均误差：0.0898867像素
第31幅图像的平均误差：0.0932717像素
第32幅图像的平均误差：0.0888653像素
第33幅图像的平均误差：0.0905935像素
总体平均误差：0.0748502像素

相机内参数矩阵：
[24236.16609231211, 0, 714.1105510677273;
 0, 23865.74190046256, 1067.266402404616;
 0, 0, 1]

畸变系数：
[31.81993762294843, -13231.1022331498, 0.04108200637379271, -0.04874415751128279, -50.69454267111158]


第1幅图像的旋转向量：
[-10.90096353725586;
 47.34336124428256;
 2200.525506343642]
第1幅图像的旋转矩阵：
[-0.3672379704530557, -0.9300328355399518, 0.01323623341578454;
 0.9297415329875448, -0.3666389372744756, 0.03400840355284243;
 -0.02677601343535688, 0.02479545304606683, 0.9993338934574115]
第1幅图像的平移向量：
[-3.113159036639645;
 -0.03453252614510109;
 0.1602856359672262]

第2幅图像的旋转向量：
[16.18163445648823;
 -61.8570027456657;
 2196.285478321012]
第2幅图像的旋转矩阵：
[-0.3221611266269547, 0.9459854032975353, 0.03638440927719484;
 -0.9465336849321379, -0.3211848920654745, -0.03023654076903891;
 -0.01691720364715979, -0.04418010702667771, 0.9988803363586004]
第2幅图像的平移向量：
[-0.0976079771194712;
 -3.029667940637904;
 -0.01647162122307496]

第3幅图像的旋转向量：
[9.100709771896362;
 -59.9105376259807;
 2199.216008650499]
第3幅图像的旋转矩阵：
[0.5931353156677782, -0.8048482875678954, -0.0202418207360709;
 0.8047566232060636, 0.5934300696240449, -0.01440589712496296;
 0.0236066667206297, -0.007745092964410449, 0.9996913217695319]
第3幅图像的平移向量：
[-0.222612148085894;
 -3.057975216234944;
 0.02230926062118508]

第4幅图像的旋转向量：
[3.763701019793978;
 -58.73206635140058;
 2200.450647654613]
第4幅图像的旋转矩阵：
[-0.5242833258192851, -0.8513062795934313, -0.02011498428187054;
 0.8511672031604746, -0.5232026471553486, -0.04211154560938465;
 0.02532561019689144, -0.03919959610029535, 0.99891040896255]
第4幅图像的平移向量：
[-0.342813877608653;
 -3.021270082949602;
 0.04192677597857852]

第5幅图像的旋转向量：
[-1.396882555900073;
 -58.6765427466955;
 2200.574188878226]
第5幅图像的旋转矩阵：
[-0.6218633540924153, -0.7828194153961925, -0.02190277872085427;
 0.7828742794600996, -0.6207117150086106, -0.04271802208552316;
 0.01984518573259533, -0.0437118946035601, 0.9988470547953804]
第5幅图像的平移向量：
[-0.4513323784479669;
 -2.988015177196164;
 0.07509573122385488]

第6幅图像的旋转向量：
[-5.896574668752478;
 -58.18664419242739;
 2201.053121040494]
第6幅图像的旋转矩阵：
[-0.9104212459345215, -0.413371125996575, -0.0160457827280944;
 0.4136415329144955, -0.9091007768841842, -0.04936050766269551;
 0.005816975088465568, -0.05157605705069365, 0.9986521281907548]
第6幅图像的平移向量：
[-0.5383473034159735;
 -2.96326127929329;
 0.08575457340240285]

第7幅图像的旋转向量：
[-10.75664512267074;
 -56.54043510731066;
 2200.035455519865]
第7幅图像的旋转矩阵：
[-0.1023018906544374, -0.99427205112755, -0.03094206707933396;
 0.9945488857647935, -0.101600657554331, -0.02344824531889737;
 0.02017020060721152, -0.03317219816566335, 0.9992460999555228]
第7幅图像的平移向量：
[-0.6524743652982136;
 -2.951149495104244;
 0.1028572989091154]

第8幅图像的旋转向量：
[-16.01916332620726;
 -55.68932433854321;
 2197.915199429913]
第8幅图像的旋转矩阵：
[0.9064934601738527, 0.4221010995718071, 0.01001341112244688;
 -0.4220665865348727, 0.9065484871855921, -0.005443979455799544;
 -0.01137555241896091, 0.0007086055219816157, 0.9999350452331279]
第8幅图像的平移向量：
[-0.7809985825246685;
 -2.914744795220806;
 0.1433672412000301]

第9幅图像的旋转向量：
[-21.99388601606644;
 -51.28310934473362;
 2198.133403376543]
第9幅图像的旋转矩阵：
[0.9628862236663444, 0.2698425922976909, 0.005924158643127606;
 -0.269825274325199, 0.9629027002147889, -0.003565284616940581;
 -0.006666453997282677, 0.001834475710073722, 0.9999760962592912]
第9幅图像的平移向量：
[0.9935294342889573;
 3.110809216535007;
 -0.1616960493367472]

第10幅图像的旋转向量：
[-24.77943815712363;
 -47.14151431690618;
 2197.632660258686]
第10幅图像的旋转矩阵：
[0.6697548922334114, 0.742481961447546, 0.01220332964466975;
 -0.7423222811336614, 0.6698648165945523, -0.01545180964366979;
 -0.01964727110641561, 0.001290121603449968, 0.9998061413715758]
第10幅图像的平移向量：
[1.121399342047215;
 3.072431439347804;
 -0.1691197447650817]

第11幅图像的旋转向量：
[-26.70447991757414;
 -43.02073930429627;
 2197.186962824426]
第11幅图像的旋转矩阵：
[0.2244662741231436, 0.9744340412812693, 0.009653547199209515;
 -0.974065070321096, 0.2246489624028715, -0.02702003833586639;
 -0.02849790451300267, -0.003338095799529605, 0.9995882785201121]
第11幅图像的平移向量：
[-1.11366124113854;
 -2.79551673663204;
 0.1691869505240521]

第12幅图像的旋转向量：
[-27.87201705304771;
 -37.91291920644674;
 2196.761780975596]
第12幅图像的旋转矩阵：
[-0.2745741315582098, 0.9615658410835898, 0.0004237219176782478;
 -0.9610078137746928, -0.2743997225043133, -0.03418733908248872;
 -0.03275710828263324, -0.009794159012616771, 0.9994153522465996]
第12幅图像的平移向量：
[-1.202862667644041;
 -2.75606392571742;
 0.1795449778590905]

第13幅图像的旋转向量：
[-22.30312813031174;
 -44.4465946506015;
 2196.812921855101]
第13幅图像的旋转矩阵：
[-0.1674520373084972, 0.9858470022780779, 0.008093410934903527;
 -0.9853675896985901, -0.1670946243994764, -0.03361695507313422;
 -0.03178880892428787, -0.01360421244047065, 0.9994020197253205]
第13幅图像的平移向量：
[-1.078270033225096;
 -2.815562179587165;
 0.1665541636084596]

第14幅图像的旋转向量：
[-17.30021082234038;
 -47.54146793156337;
 2197.823238573047]
第14幅图像的旋转矩阵：
[0.758756055410938, 0.6512608441360648, 0.01218857138527954;
 -0.6511787292838918, 0.758853941691728, -0.01034203592836623;
 -0.01598470848810368, -8.985604052697688e-05, 0.9998722323479348]
第14幅图像的平移向量：
[-0.9649041173784221;
 -2.84877994134076;
 0.1556097623417797]

第15幅图像的旋转向量：
[-11.4736615658723;
 -51.45276979296035;
 2196.783718591976]
第15幅图像的旋转矩阵：
[-0.1275313859408223, 0.9916829826055754, 0.01733803940828067;
 -0.991407269985309, -0.1269439208540608, -0.03157318448422076;
 -0.02910963105725875, -0.02121563029249919, 0.9993510526391628]
第15幅图像的平移向量：
[-0.850409501514732;
 -2.895879309737842;
 0.1390815668182566]

第16幅图像的旋转向量：
[-2.690228047654282;
 -56.11874652941561;
 2197.211333182524]
第16幅图像的旋转矩阵：
[0.3759892266842798, 0.9263411331677777, 0.02289555456403736;
 -0.926302130683848, 0.3763950920114088, -0.01706157672333686;
 -0.02442261468230792, -0.01479323193763418, 0.9995922649665305]
第16幅图像的平移向量：
[-0.6590775024818901;
 -2.95498026605538;
 0.1121764163544683]

第17幅图像的旋转向量：
[4.868693454965873;
 -58.87747319986352;
 2197.290709644831]
第17幅图像的旋转矩阵：
[0.5147593846220839, 0.8569976135514772, 0.02403885002587391;
 -0.8570551922687335, 0.5151051558355313, -0.01109395496913671;
 -0.02189002852208246, -0.01489190379790669, 0.9996494674897677]
第17幅图像的平移向量：
[-0.4893574436125033;
 -2.979738862634578;
 0.08476913841438798]

第18幅图像的旋转向量：
[14.29527354256311;
 -61.25654308441898;
 2194.530570311383]
第18幅图像的旋转矩阵：
[-0.8569174990174732, -0.5154484915879748, -0.002291810925931637;
 0.5147737366993522, -0.855550538943629, -0.05514775895584348;
 0.02646506909540904, -0.04843684375501009, 0.9984755742054127]
第18幅图像的平移向量：
[-0.3065603262996686;
 -3.023473733901435;
 0.04084926799058494]

第19幅图像的旋转向量：
[22.0068135298807;
 -60.50270027108029;
 2193.071316463065]
第19幅图像的旋转矩阵：
[0.3768837949317295, -0.9260595502819531, -0.01929545152217978;
 0.9257148076158099, 0.3772949933872767, -0.02646852707875393;
 0.03179150953764191, -0.007886526262020827, 0.9994634073465805]
第19幅图像的平移向量：
[-0.1331201919575585;
 -3.041483094995356;
 -0.01205844011969114]

第20幅图像的旋转向量：
[-3.439189001860961;
 48.31422971602279;
 2196.385104769621]
第20幅图像的旋转矩阵：
[-0.5850454246099438, 0.8107460205256175, -0.02031603664216023;
 -0.8108551584622424, -0.5842827161930199, 0.03358004695170461;
 0.0153545803635996, 0.03611921593808543, 0.9992295227333284]
第20幅图像的平移向量：
[-3.105755586204443;
 -0.07315300910663698;
 0.1435082837112723]

第21幅图像的旋转向量：
[-7.757264660280447;
 45.39227696691783;
 2193.295323461991]
第21幅图像的旋转矩阵：
[0.5840986728414277, -0.8115379831183337, 0.01532456658800368;
 0.8114771232965786, 0.5842715356994104, 0.01147392425294362;
 -0.01826523340098718, 0.005733631282172653, 0.9998167365678211]
第21幅图像的平移向量：
[-3.067648334092399;
 -0.2683762210817014;
 0.1862676247131917]

第22幅图像的旋转向量：
[-12.10503878337546;
 44.57677187476797;
 2194.090244035579]
第22幅图像的旋转矩阵：
[-0.1730300291813169, -0.9848235210022647, 0.01353667175543861;
 0.9845606602621852, -0.1725817277617371, 0.02925497405337118;
 -0.02647480435437381, 0.01838966349544059, 0.9994803174704954]
第22幅图像的平移向量：
[-3.036942141720062;
 -0.4106620144899575;
 0.1893758719884343]

第23幅图像的旋转向量：
[-15.21329336456551;
 43.20348277078912;
 2192.301537576484]
第23幅图像的旋转矩阵：
[0.9986640391831576, 0.05166315232937489, -0.001027391732738959;
 -0.05166351758465831, 0.9986644935095182, -0.0003321959616988064;
 0.001008857353839171, 0.0003848308317611558, 0.9999994170558654]
第23幅图像的平移向量：
[-3.003354059865691;
 -0.5286829197322529;
 0.1873105154784249]

第24幅图像的旋转向量：
[-18.32785300954541;
 42.5718211268457;
 2191.280805542837]
第24幅图像的旋转矩阵：
[0.4882660984038268, 0.8724365408007011, -0.02122968264508803;
 -0.8726027855924692, 0.4884233890526187, 0.002640379256385588;
 0.01267263689086843, 0.01723587253552613, 0.9997711382972462]
第24幅图像的平移向量：
[-2.962613935667213;
 -0.667325079799025;
 0.2166416942776181]

第25幅图像的旋转向量：
[-32.24978238452078;
 31.25710312950834;
 2187.51419836333]
第25幅图像的旋转矩阵：
[0.1437832165764928, -0.9896080456077002, 0.001517464802035205;
 0.9892473849057669, 0.1437719388106127, 0.02681867013367786;
 -0.02675814059345201, -0.002354926569024248, 0.9996391630147529]
第25幅图像的平移向量：
[-2.861146403261367;
 -0.9689648981840292;
 0.2299356266486342]

第26幅图像的旋转向量：
[-37.07916998306436;
 24.7925660282254;
 2189.192489001883]
第26幅图像的旋转矩阵：
[-0.9984921338579742, -0.0435989981911276, -0.0333554490372893;
 0.04283241317623263, -0.9988090928000148, 0.02336194601294562;
 -0.0343342832348317, 0.02189802495069692, 0.9991704726912263]
第26幅图像的平移向量：
[-2.801017461799963;
 -1.101332757531374;
 0.2505827602434392]

第27幅图像的旋转向量：
[-46.20095752782107;
 -10.81566914450206;
 2193.429260864489]
第27幅图像的旋转矩阵：
[0.4442203371642829, -0.8957724723558395, -0.01612357960124704;
 0.8958879184360747, 0.4439872764438529, 0.0161287307698691;
 -0.007289008844004012, -0.02160963038732277, 0.9997399132897493]
第27幅图像的平移向量：
[-2.727252602474723;
 -1.277190732845116;
 0.2457090139331617]

第28幅图像的旋转向量：
[-41.7125392525494;
 -2.716496902549289;
 2193.199132741702]
第28幅图像的旋转矩阵：
[0.7209478244059192, -0.692961917983796, -0.006165606911790423;
 0.6929750652196423, 0.7208473128396415, 0.01283396102925501;
 -0.004448985075772195, -0.0135252281343684, 0.999898632230142]
第28幅图像的平移向量：
[-2.787933864325847;
 -1.14973095319942;
 0.2471693407579949]

第29幅图像的旋转向量：
[-35.16289610419219;
 5.738212706902333;
 2192.080437003184]
第29幅图像的旋转矩阵：
[0.8953136349734371, 0.4454272101524257, -0.002845256838648671;
 -0.4454360017023726, 0.8952874156758894, -0.006871078502747587;
 -0.0005132426862092441, 0.00741915010050678, 0.9999723460144941]
第29幅图像的平移向量：
[-2.863875429382369;
 -0.9717215090140829;
 0.2355221741411316]

第30幅图像的旋转向量：
[-31.89901433567091;
 11.58505065502311;
 2193.948729916761]
第30幅图像的旋转矩阵：
[0.1902756585739155, -0.98170859057685, -0.006589153350605728;
 0.9815842601761516, 0.1901270660550777, 0.01854828638245162;
 -0.01695623568779471, -0.009997096623680105, 0.9998062532963059]
第30幅图像的平移向量：
[-2.914112673678511;
 -0.8489317085421147;
 0.2222869639235025]

第31幅图像的旋转向量：
[-26.31033323908887;
 17.37281679733366;
 2195.149921545647]
第31幅图像的旋转矩阵：
[-0.8267995345376647, -0.5622260862379435, -0.01744584884336263;
 0.561879539430108, -0.8269475360388352, 0.02119329632475279;
 -0.02634222576227145, 0.007720142023548531, 0.9996231722749458]
第31幅图像的平移向量：
[-2.968682234311803;
 -0.6883238726556212;
 0.2128660613035607]

第32幅图像的旋转向量：
[-20.01298092129289;
 24.15582565408616;
 2195.523954914369]
第32幅图像的旋转矩阵：
[-0.9745801094093521, -0.2234997072533911, -0.0155399871719242;
 0.2231036942077207, -0.9745051613915318, 0.02375777877101349;
 -0.02045365430731067, 0.01968683008798063, 0.999596957151513]
第32幅图像的平移向量：
[-3.022402138849853;
 -0.5158870560091339;
 0.2118513549531089]

第33幅图像的旋转向量：
[-18.31427734253811;
 27.67720930493027;
 2194.757831166714]
第33幅图像的旋转矩阵：
[-0.5696998885905986, -0.8218482583359351, -0.002734448765198388;
 0.8215179523577457, -0.569559586652828, 0.02664828710811024;
 -0.02345827985586608, 0.01293512744620775, 0.9996411313987406]
第33幅图像的平移向量：
[-3.052941658240682;
 -0.3936743681918327;
 0.1861463906801955]


