每幅图像的标定误差：
第1幅图像的平均误差：0.0568309像素
第2幅图像的平均误差：0.0550619像素
第3幅图像的平均误差：0.0268646像素
第4幅图像的平均误差：0.026658像素
第5幅图像的平均误差：0.0297706像素
第6幅图像的平均误差：0.0249167像素
第7幅图像的平均误差：0.0256092像素
第8幅图像的平均误差：0.0298857像素
第9幅图像的平均误差：0.0231495像素
第10幅图像的平均误差：0.0253797像素
第11幅图像的平均误差：0.0255993像素
第12幅图像的平均误差：0.0260629像素
第13幅图像的平均误差：0.0274337像素
第14幅图像的平均误差：0.0353034像素
总体平均误差：0.0313233像素

相机内参数矩阵：
[585.371608937706, 0, 330.8686125733312;
 0, 585.2790360460502, 255.2305011883786;
 0, 0, 1]

畸变系数：
[0.01049166949053587, 0.05475487172912597, -0.01080859413938097, -0.001092353372070112, -0.447205890226225]


第1幅图像的旋转向量：
[53.89932575911132;
 24.8381724114147;
 191.4949413247395]
第1幅图像的旋转矩阵：
[0.847496807278464, 0.5301710475304978, -0.02584225247970511;
 -0.5192201030381628, 0.8381381602117638, 0.1671373955698713;
 0.1102707860398657, -0.1282305921270529, 0.9855948807643511]
第1幅图像的平移向量：
[-1.783586049620577;
 1.866858182132286;
 -0.04886250513189795]

第2幅图像的旋转向量：
[67.34330973552736;
 37.455040483887;
 158.7161270105606]
第2幅图像的旋转矩阵：
[0.8936089473623289, -0.4246583554126928, 0.1453558749145619;
 0.4448402179214523, 0.8810780627025137, -0.1606817598359575;
 -0.05983502079539611, 0.2082467973404935, 0.9762443555195809]
第2幅图像的平移向量：
[-2.067513677200152;
 2.023074175556988;
 -0.2171422129796297]

第3幅图像的旋转向量：
[52.90420965806662;
 18.39615523540735;
 161.7117658331558]
第3幅图像的旋转矩阵：
[0.167406607537611, -0.9113481420640011, 0.3760579632307256;
 0.972528614186227, 0.0900713103784682, -0.2146514701457283;
 0.1617501849821666, 0.4016612042545298, 0.9013906781496223]
第3幅图像的平移向量：
[-2.332364745227523;
 2.027788979980438;
 0.1945427225172389]

第4幅图像的旋转向量：
[56.88793364168457;
 27.52838775608826;
 206.6800069556584]
第4幅图像的旋转矩阵：
[-0.6753650643426147, -0.5133241121580671, 0.5295095709641404;
 0.6340238748220847, -0.7708755913389858, 0.06135591930171466;
 0.3766905308354397, 0.3771593543250668, 0.8460821859748692]
第4幅图像的平移向量：
[-2.148490940947564;
 2.095125330775462;
 0.162295439350433]

第5幅图像的旋转向量：
[51.94956735766742;
 26.36708143789156;
 202.2422886741921]
第5幅图像的旋转矩阵：
[-0.8779467673692168, 0.04191156785300235, 0.4769202177996287;
 0.08176673645808236, -0.9683983916851386, 0.2356241833739295;
 0.4717241508285713, 0.2458616998675065, 0.8467752653823349]
第5幅图像的平移向量：
[-2.127097071458512;
 2.010083451101794;
 0.01007233727489114]

第6幅图像的旋转向量：
[63.72796837621936;
 23.78283493204201;
 182.5803079669571]
第6幅图像的旋转矩阵：
[0.9983502102855158, -0.05686068439147325, 0.007982492931390891;
 0.05700819977495269, 0.9981800966333261, -0.01966112518405418;
 -0.006850020531758872, 0.02008375601368521, 0.9997748346318271]
第6幅图像的平移向量：
[-2.292183010143748;
 2.11053730737161;
 0.2934598243189191]

第7幅图像的旋转向量：
[50.23189306682745;
 9.999398059082351;
 192.96091183741]
第7幅图像的旋转矩阵：
[0.204589088981613, 0.9661759704534675, 0.1569945820338202;
 -0.9447731225266262, 0.1529608506526577, 0.2898391366239277;
 0.2560215842872669, -0.2076221864009615, 0.9441112096003956]
第7幅图像的平移向量：
[-2.291205874582995;
 2.035331718101531;
 0.04379859881068947]

第8幅图像的旋转向量：
[52.2847406036008;
 7.397727531728657;
 212.3611482877284]
第8幅图像的旋转矩阵：
[0.4985775611400907, 0.8617951019346227, 0.09343242375691721;
 -0.8532043690630725, 0.4688270513695068, 0.2285683716437119;
 0.1531754554074617, -0.1936760134494379, 0.9690339940760849]
第8幅图像的平移向量：
[-2.193209482620295;
 1.9972788345255;
 -0.1098055144883183]

第9幅图像的旋转向量：
[74.26101149074302;
 16.77672714503002;
 197.5592461012183]
第9幅图像的旋转矩阵：
[-0.1664834984398768, 0.9177676453008599, 0.3605354268114783;
 -0.8438307274639192, -0.3217700463478397, 0.4294342099332822;
 0.510130324657271, -0.2327371618633869, 0.8280099427862224]
第9幅图像的平移向量：
[-2.308134732806647;
 2.09844168640302;
 0.2581051218130667]

第10幅图像的旋转向量：
[51.16001023081803;
 19.96664076089173;
 207.9885537127766]
第10幅图像的旋转矩阵：
[0.1340837340577031, -0.943333099486946, 0.3035526571675741;
 0.9838539569242859, 0.09007816375449323, -0.1546522416877422;
 0.1185451125334499, 0.3193878329350858, 0.9401800191811468]
第10幅图像的平移向量：
[-2.175976487680858;
 2.012897865774832;
 -0.02887447435119305]

第11幅图像的旋转向量：
[66.66728494442967;
 39.27122623038332;
 245.1955225838431]
第11幅图像的旋转矩阵：
[0.8873222456301938, 0.4591498910682603, -0.04290233026066012;
 -0.4495816911292359, 0.8820188384915044, 0.1411349409163933;
 0.1026427562527737, -0.1059440705188462, 0.9890603209666898]
第11幅图像的平移向量：
[-2.162237146552772;
 2.117665945958594;
 0.3806934198789663]

第12幅图像的旋转向量：
[49.24134679072137;
 21.32602278773695;
 178.3745033790829]
第12幅图像的旋转矩阵：
[-0.4956208350972866, 0.8089522013939434, 0.3161587001449767;
 -0.7116188050786647, -0.5869140902598756, 0.3861742183430117;
 0.4979544799234984, -0.03358848782418672, 0.8665524504666774]
第12幅图像的平移向量：
[-2.294505039360322;
 2.068263517026495;
 0.3266940650930295]

第13幅图像的旋转向量：
[49.52498180817947;
 12.60341846316716;
 243.4826786574082]
第13幅图像的旋转矩阵：
[-0.7519109484854762, 0.5726215910929872, 0.3267023706094087;
 -0.5358293315078188, -0.8195167610902239, 0.2031728470737982;
 0.384079227560611, -0.02228882469590493, 0.9230310694933944]
第13幅图像的平移向量：
[-2.210116533181306;
 1.908208647640736;
 0.5524858474310042]

第14幅图像的旋转向量：
[61.0865371284436;
 38.30974168649757;
 180.4518945947129]
第14幅图像的旋转矩阵：
[0.908691213957142, 0.4135742156383754, -0.05689152692798956;
 -0.4010159785885127, 0.9026167676482275, 0.1564261988190061;
 0.1160450886241771, -0.1193287011551215, 0.9860497951355391]
第14幅图像的平移向量：
[-2.048448806308977;
 2.202700724548567;
 0.1840658302104892]


