每幅图像的标定误差：
第1幅图像的平均误差：0.0443789像素
第2幅图像的平均误差：0.04862像素
第3幅图像的平均误差：0.0368993像素
第4幅图像的平均误差：0.0400161像素
第5幅图像的平均误差：0.042522像素
第6幅图像的平均误差：0.0283082像素
第7幅图像的平均误差：0.0254673像素
第8幅图像的平均误差：0.0335463像素
第9幅图像的平均误差：0.0336142像素
第10幅图像的平均误差：0.0324441像素
第11幅图像的平均误差：0.0298287像素
第12幅图像的平均误差：0.0258321像素
第13幅图像的平均误差：0.0298447像素
第14幅图像的平均误差：0.0394737像素
第15幅图像的平均误差：0.0374375像素
第16幅图像的平均误差：0.0330736像素
第17幅图像的平均误差：0.0361052像素
总体平均误差：0.0351419像素

相机内参数矩阵：
[556.6236059934853, 0, 323.0330547425714;
 0, 560.5346822411279, 254.3826037429118;
 0, 0, 1]

畸变系数：
[0.01870171592383773, 0.3980048744116937, -0.004901196404698976, -0.01010405688941145, -1.487729816188743]


第1幅图像的旋转向量：
[5.986586233289982;
 26.05152857345841;
 184.1808377330858]
第1幅图像的旋转矩阵：
[-0.7254619029790208, 0.6870344500637481, -0.04109369479203892;
 -0.6714799566772961, -0.6934052414991556, 0.261350031264881;
 0.1510618916428445, 0.2171930834237155, 0.9643689487982204]
第1幅图像的平移向量：
[-1.798021300482674;
 1.889782652430413;
 -0.02019120099603888]

第2幅图像的旋转向量：
[5.806755782962531;
 10.46462485850477;
 199.1709894546465]
第2幅图像的旋转矩阵：
[0.03989321967698292, 0.9989037415584541, -0.02449175625235619;
 -0.9959704356486394, 0.04172250655136201, 0.0793859166409932;
 0.08032074662042896, 0.02122610533264168, 0.9965430397703574]
第2幅图像的平移向量：
[-1.741355672833921;
 1.757922305078436;
 0.2498681852639095]

第3幅图像的旋转向量：
[18.15518745422241;
 38.23126777797501;
 152.8604371968235]
第3幅图像的旋转矩阵：
[0.05167900822716923, -0.9364941809346268, 0.3468543342445624;
 0.9895171515696499, 0.09491728136255062, 0.108841703626087;
 -0.134852092524153, 0.337593481534115, 0.9315822853444201]
第3幅图像的平移向量：
[-2.073706258157472;
 2.029164676987398;
 -0.1707245195155484]

第4幅图像的旋转向量：
[3.914249306228482;
 19.3944594470356;
 155.3217120909699]
第4幅图像的旋转矩阵：
[0.8763081101083632, 0.4784121874100547, -0.05662044768310767;
 -0.4776456842665075, 0.8781297094006026, 0.02725461006129209;
 0.06275903488653019, 0.003161076642522694, 0.9980237026917604]
第4幅图像的平移向量：
[-2.341814425036885;
 2.039524182141353;
 0.1990906570152776]

第5幅图像的旋转向量：
[9.413517150405999;
 30.62188398020981;
 146.8539855325753]
第5幅图像的旋转矩阵：
[0.8833847465092313, 0.4602184749220012, -0.08848923649398513;
 -0.4572309367716405, 0.8877847300316299, 0.05270809787493583;
 0.1028166333515602, -0.006101513183881857, 0.9946816131019602]
第5幅图像的平移向量：
[-2.349969417981112;
 2.105006996801517;
 0.08932197731909852]

第6幅图像的旋转向量：
[9.502851939692448;
 28.83065203809997;
 198.4005717757506]
第6幅图像的旋转矩阵：
[0.9386695465304991, 0.3416399390293549, -0.04670797015762834;
 -0.3408038482341631, 0.9398000605784128, 0.0250715608927147;
 0.05246159971839161, -0.007615654721050113, 0.9985939026241634]
第6幅图像的平移向量：
[-2.150080369304137;
 2.102412358970549;
 0.1954876564443654]

第7幅图像的旋转向量：
[4.391337944764947;
 27.67105235627319;
 194.1562934676795]
第7幅图像的旋转矩阵：
[0.1815746886844947, -0.9707850034818181, 0.1568665338558087;
 0.9759562558188529, 0.1974571111085409, 0.09230425776049112;
 -0.1205820017961831, 0.1363347581780819, 0.9832969106812801]
第7幅图像的平移向量：
[-2.134557559276349;
 2.019957019624496;
 0.04552566975114488]

第8幅图像的旋转向量：
[15.64698437234502;
 24.90303435583618;
 175.498089109535]
第8幅图像的旋转矩阵：
[-0.4197773005174095, -0.8724092205303868, 0.2503780539581684;
 0.9076244520612518, -0.4028169670778239, 0.118136975815094;
 -0.002207258668386156, 0.2768404648308957, 0.9609133597996151]
第8幅图像的平移向量：
[-2.29513472966608;
 2.118618176114325;
 0.2979259920424239]

第9幅图像的旋转向量：
[2.37474848464335;
 11.34796260092983;
 184.4710085963207]
第9幅图像的旋转矩阵：
[-0.8680123675542974, -0.4935526258862636, 0.05440896298917304;
 0.4965000907550012, -0.8612783991018337, 0.1081072574846766;
 -0.006495356268818673, 0.1208524915810861, 0.9926492258726568]
第9幅图像的平移向量：
[-2.309443363908067;
 2.052617843162099;
 0.05191824858919062]

第10幅图像的旋转向量：
[5.085368974725145;
 8.960435481063298;
 203.1706203725151]
第10幅图像的旋转矩阵：
[-0.7155591517298737, -0.6946664431352071, 0.07357739569666592;
 0.6984467020862403, -0.7133014542562873, 0.05807959797312917;
 0.01213691560810568, 0.09294927723089505, 0.9955968697930784]
第10幅图像的平移向量：
[-2.208274278173812;
 2.009538980411349;
 -0.08217243570944827]

第11幅图像的旋转向量：
[26.77218901667462;
 18.04230276268818;
 189.5706439221121]
第11幅图像的旋转矩阵：
[-0.7535605362260638, 0.6300163307187434, 0.1876857513781432;
 -0.5833000539847553, -0.7724791555554057, 0.2510717054026379;
 0.3031626053194371, 0.07972062004336387, 0.9495983664033093]
第11幅图像的平移向量：
[-2.31456826685072;
 2.106786549248819;
 0.2435743966222166]

第12幅图像的旋转向量：
[3.78189030930051;
 21.38070703654384;
 199.545082181244]
第12幅图像的旋转矩阵：
[0.9430934680463774, 0.3307477707778815, -0.03436018995463368;
 -0.3305192721907272, 0.9437191612951961, 0.01229452377295498;
 0.03649275597661105, -0.0002381800868740853, 0.9993338891639159]
第12幅图像的平移向量：
[-2.185596504336448;
 2.022815651022935;
 -0.003810042759216156]

第13幅图像的旋转向量：
[20.80893962278134;
 40.79012640183587;
 235.0649538798307]
第13幅图像的旋转矩阵：
[0.7520245533695505, -0.6453823003311225, 0.1339431131064106;
 0.6527780740791553, 0.757386765943562, -0.0156867069539996;
 -0.09132281823748456, 0.09923191620068975, 0.9908648594416408]
第13幅图像的平移向量：
[-2.157872205517241;
 2.124968320323217;
 0.4063312686569555]

第14幅图像的旋转向量：
[0.7776714299999762;
 22.46349121493776;
 171.0521942567024]
第14幅图像的旋转矩阵：
[-0.9650679473994308, -0.2584673936048971, 0.04287730571457031;
 0.2607741276526325, -0.9317921994274767, 0.2525077254919422;
 -0.02531227467569935, 0.2548684043368199, 0.9666443943982425]
第14幅图像的平移向量：
[-2.306007605326782;
 2.08511578087758;
 0.3425666753724724]

第15幅图像的旋转向量：
[5.567153077026606;
 24.5342007742136;
 164.0227083039767]
第15幅图像的旋转矩阵：
[-0.8432867353607699, -0.51886287848062, 0.1401741605980941;
 0.5371695921021578, -0.8050253157596257, 0.251759945795427;
 -0.01778514226471897, 0.2876031194561706, 0.9575845312000935]
第15幅图像的平移向量：
[-2.285477314089311;
 1.947513350386802;
 0.3207668646901648]

第16幅图像的旋转向量：
[3.384697645710091;
 14.32715742392293;
 233.0942818398641]
第16幅图像的旋转矩阵：
[0.4706925007568852, -0.8801314656183887, 0.06178327410923469;
 0.8810727417839028, 0.4725734893540487, 0.01962449604792185;
 -0.04646927389819842, 0.04519845559491988, 0.997896641038143]
第16幅图像的平移向量：
[-2.214312609598766;
 1.922617651938659;
 0.5830656259798462]

第17幅图像的旋转向量：
[12.80942424551389;
 39.27166642365366;
 173.4732350403678]
第17幅图像的旋转矩阵：
[-0.7246660447692339, -0.6336603716203297, 0.2708018777565997;
 0.6885099119913842, -0.6495313083152833, 0.3225882524331177;
 -0.02851709396364252, 0.4202185300010245, 0.9069747308473627]
第17幅图像的平移向量：
[-2.04519857207677;
 2.20863770730111;
 0.2234653593530896]


