%YAML:1.0
---
R: !!opencv-matrix
   rows: 3
   cols: 3
   dt: d
   data: [ 9.9995256559410894e-01, -6.8852090390198167e-04,
       -9.7155803081495455e-03, 6.5961606168014582e-04,
       9.9999534822205005e-01, -2.9779927656211160e-03,
       9.7175855236980961e-03, 2.9714429534837329e-03,
       9.9994836819626032e-01 ]
T: !!opencv-matrix
   rows: 3
   cols: 1
   dt: d
   data: [ -2.3921333434517922e+00, -4.5034770600249185e-02,
       -8.1995316088323361e-02 ]
R1: !!opencv-matrix
   rows: 3
   cols: 3
   dt: d
   data: [ 9.9953405078841384e-01, 1.8225508425803231e-02,
       2.4484937351883253e-02, -1.8196723727017430e-02,
       9.9983344866402279e-01, -1.3979192427900394e-03,
       -2.4506337141794041e-02, 9.5172224295544483e-04,
       9.9969922159850899e-01 ]
R2: !!opencv-matrix
   rows: 3
   cols: 3
   dt: d
   data: [ 9.9923620446582995e-01, 1.8811816392579433e-02,
       3.4250886831352509e-02, -1.8870685209394743e-02,
       9.9982095780298430e-01, 1.3962727709175590e-03,
       -3.4218488050324021e-02, -2.0415440075477118e-03,
       9.9941229088580608e-01 ]
P1: !!opencv-matrix
   rows: 3
   cols: 4
   dt: d
   data: [ -1.9180858720053886e+04, 0., 1.2676304328918457e+04, 0., 0.,
       -1.9180858720053886e+04, 2.8327378845214844e+02, 0., 0., 0., 1.,
       0. ]
P2: !!opencv-matrix
   rows: 3
   cols: 4
   dt: d
   data: [ -1.9180858720053886e+04, 0., 1.2676304328918457e+04,
       4.5918243849868435e+04, 0., -1.9180858720053886e+04,
       2.8327378845214844e+02, 0., 0., 0., 1., 0. ]
Q: !!opencv-matrix
   rows: 4
   cols: 4
   dt: d
   data: [ 1., 0., 0., -1.2676304328918457e+04, 0., 1., 0.,
       -2.8327378845214844e+02, 0., 0., 0., -1.9180858720053886e+04, 0.,
       0., 4.1771760224033139e-01, 0. ]
