%YAML:1.0
---
R: !!opencv-matrix
   rows: 3
   cols: 3
   dt: d
   data: [ 9.9995944944175119e-01, -3.5491578010268003e-03,
       8.2766509563483234e-03, 3.5074013889183717e-03,
       9.9998107664706781e-01, 5.0541550498726818e-03,
       -8.2944323281840399e-03, -5.0249205640040383e-03,
       9.9995297517717230e-01 ]
T: !!opencv-matrix
   rows: 3
   cols: 1
   dt: d
   data: [ -5.5721507300902879e+01, -3.2360885616190072e-01,
       1.5811404095633844e-01 ]
R1: !!opencv-matrix
   rows: 3
   cols: 3
   dt: d
   data: [ 9.9998246564182558e-01, 2.2725547354420020e-03,
       5.4684462025155027e-03, -2.2862894240818100e-03,
       9.9999424468561859e-01, 2.5066863202864009e-03,
       -5.4627181480210122e-03, -2.5191448178695725e-03,
       9.9998190614621707e-01 ]
R2: !!opencv-matrix
   rows: 3
   cols: 3
   dt: d
   data: [ 9.9997911055972899e-01, 5.8074899949589675e-03,
       -2.8375172478502372e-03, -5.8145871205438297e-03,
       9.9997997168821895e-01, -2.4993597272847988e-03,
       2.8229454105600854e-03, 2.5158065083027599e-03,
       9.9999285082285538e-01 ]
P1: !!opencv-matrix
   rows: 3
   cols: 4
   dt: d
   data: [ -5.4646797897059315e+01, 0., 6.7184847640991211e+02, 0., 0.,
       -5.4646797897059315e+01, 3.9000159645080566e+02, 0., 0., 0., 1.,
       0. ]
P2: !!opencv-matrix
   rows: 3
   cols: 4
   dt: d
   data: [ -5.4646797897059315e+01, 0., 6.7184847640991211e+02,
       3.0450655577070443e+03, 0., -5.4646797897059315e+01,
       3.9000159645080566e+02, 0., 0., 0., 1., 0. ]
Q: !!opencv-matrix
   rows: 4
   cols: 4
   dt: d
   data: [ 1., 0., 0., -6.7184847640991211e+02, 0., 1., 0.,
       -3.9000159645080566e+02, 0., 0., 0., -5.4646797897059315e+01, 0.,
       0., 1.7946016879258501e-02, 0. ]
