%YAML:1.0
---
M1: !!opencv-matrix
   rows: 3
   cols: 3
   dt: d
   data: [ 5.5242378060341309e+02, 0., 3.2410884558290064e+02, 0.,
       5.5880288185513052e+02, 2.4589946372960156e+02, 0., 0., 1. ]
D1: !!opencv-matrix
   rows: 1
   cols: 14
   dt: d
   data: [ 4.6588434155647056e-02, 2.0376062799759362e-01, 0., 0., 0.,
       0., 0., 6.1494098056408275e-01, 0., 0., 0., 0., 0., 0. ]
M2: !!opencv-matrix
   rows: 3
   cols: 3
   dt: d
   data: [ 5.5242378060341309e+02, 0., 3.3581853788681519e+02, 0.,
       5.5880288185513052e+02, 2.4702284075865657e+02, 0., 0., 1. ]
D2: !!opencv-matrix
   rows: 1
   cols: 14
   dt: d
   data: [ -2.5192677011131846e-02, 7.3091742749464339e-01, 0., 0., 0.,
       0., 0., 1.9567575480389392e+00, 0., 0., 0., 0., 0., 0. ]
