%YAML:1.0
---
M1: !!opencv-matrix
   rows: 3
   cols: 3
   dt: d
   data: [ 6.0093524279425071e+02, 0., 3.2465553402623436e+02, 0.,
       6.0539120219880067e+02, 2.4125216598712402e+02, 0., 0., 1. ]
D1: !!opencv-matrix
   rows: 1
   cols: 14
   dt: d
   data: [ 3.0696213482818455e-02, 1.2753684557294542e+00, 0., 0., 0.,
       0., 0., 9.4277350554333204e+00, 0., 0., 0., 0., 0., 0. ]
M2: !!opencv-matrix
   rows: 3
   cols: 3
   dt: d
   data: [ 6.0093524279425071e+02, 0., 3.2517610023049969e+02, 0.,
       6.0539120219880067e+02, 2.4264226490396314e+02, 0., 0., 1. ]
D2: !!opencv-matrix
   rows: 1
   cols: 14
   dt: d
   data: [ 5.4723024332846489e-02, 5.3490214435417283e-01, 0., 0., 0.,
       0., 0., 2.1166315504440738e+00, 0., 0., 0., 0., 0., 0. ]
